33.883594, -84.548232, "Akkala"
33.850408, -84.548232, "Eldin"
33.817223, -84.548232, "Central"
33.784037, -84.548232, "Faron"
33.750851, -84.548232, "Hebra"
33.717665, -84.548232, "Tabantha"
33.684480, -84.548232, "Ridgeland"
33.651294, -84.548232, "Lanayru"
33.883594, -84.479608, "Starborn Valley"
33.850408, -84.479608, "Star Haven"
33.817223, -84.479608, "Crystal Palace"
33.784037, -84.479608, "Windy Mill"
33.750851, -84.479608, "Shiver City" 
33.717665, -84.479608, "Gusty Gulch" 
33.684480, -84.479608, "Star Way"
33.651294, -84.479608, "Forever Forest"
33.883594, -84.410984, "Agrabah"
33.850408, -84.410984, "Atlantica"
33.817223, -84.410984, "Deep Jungle"
33.784037, -84.410984, "Destiny Islands"
33.750851, -84.410984, "Neverland"
33.717665, -84.410984, "Olympus"
33.684480, -84.410984, "Pride Lands"
33.651294, -84.410984, "Timeless River"
33.883594, -84.34236, "Besaid"
33.850408, -84.34236, "Kilika"
33.817223, -84.34236, "Lucca"
33.784037, -84.34236, "Bikanel"
33.750851, -84.34236, "Macalania"
33.717665, -84.34236, "Djose"
33.684480, -84.34236, "Bevelle"
33.651294, -84.34236, "Zanarkand"
33.883594, -84.273736, "Stone Hill"
33.850408, -84.273736, "Idol Springs"
33.817223, -84.273736, "Alpine Ridge"
33.784037, -84.273736, "Terrace Village"
33.750851, -84.273736, "Sunny Villa"
33.717665, -84.273736, "Shady Oasis"
33.684480, -84.273736, "Cloud Spires"
33.651294, -84.273736, "Crystal Islands"

00 01 02 03 04 05 06 07
08 09 10 11 12 13 14 15
16 17 18 19 20 21 22 23
24 25 26 27 28 29 30 31 
32 33 34 35 36 37 38 39
00 08 16 24 32
01 09 17 25 33
02 10 18 26 34
03 11 19 27 35
04 12 20 28 36
05 13 21 29 37
06 14 22 30 38
07 15 23 31 39